0   0   0   332.53
0   0   0   332.53
0   0   0   332.53
0   0   0   332.53
0   0   0   332.53
0   0   0   332.53
0.0089356118063419   -0.00665836375536535   0.00999999821003939   332.53
-0.10275952630474   0.175336959452369   0.00999999821003939   317.68
-0.268068324317696   0.30961400084429   0.00999999821003939   303.87
-0.309172151824386   -0.157581311723478   0.00999999821003939   300.42
-0.327043354913678   0.338466920206147   0.00999999821003939   299.6
-0.481629415678786   0.467195328449267   0.00999999821003939   300.03
-0.646938204680116   0.580387552847364   0.00999999821003939   297.29
-0.844415190899052   0.658068502895804   0.00999999821003939   287.69
-1.04278574131306   0.691360353129578   0.00999999821003939   276.85
-1.26885668568518   0.69801874951747   0.00999999821003939   269.49
-1.47169504528538   0.696909055204914   0.00999999821003939   269.67
-1.69597887256392   0.688031276920508   0.00999999821003939   269.97
-1.89792367100185   0.683592409331641   0.00999999821003939   269.85
-2.11684612770671   0.68470218823872   0.00999999821003939   268.8
-2.33755570586271   0.676934151255834   0.00999999821003939   266.59
-2.5377133833333   0.669166114524883   0.00999999821003939   266.32
-2.74233886111458   0.680263454227519   0.00999999821003939   266.15
-2.93802872061413   0.722433167973603   0.00999999821003939   266.63
-3.13907995758012   0.733530516458234   0.00999999821003939   266.24
-3.33923763793161   0.731311138144042   0.00999999821003939   266.77
-3.5393953296176   0.717994490553617   0.00999999821003939   264.02
-3.74044658408163   0.703568118331641   0.00999999821003939   262.83
-3.93792359372381   0.669166651079751   0.00999999821003939   260.05
-4.15952675854738   0.622558196219413   0.00999999821003939   257.78
-4.37666212417691   0.572620562815645   0.00999999821003939   256.56
-4.56967135477093   0.510475917602464   0.00999999821003939   253.23
-4.78323250254603   0.436124285479159   0.00999999821003939   253.01
-4.97534817185733   0.373979649351102   0.00999999821003939   252.66
-5.19695136659857   0.301847485675463   0.00999999821003939   251.59
-5.38996060081631   0.245251496872713   0.00999999821003939   251.86
-5.58475696093839   0.185326331686382   0.00999999821003939   251.67
-5.81261509845282   0.120962281926127   0.00999999821003939   252.21
-6.00651790109025   0.0632565796043568   0.00999999821003939   251.74
-6.19952714664438   0.00666060842181111   0.00999999821003939   251.54
-6.39164284382065   -0.0521548123029746   0.00999999821003939   251.93
-6.6114589415413   -0.113189664618347   0.00999999821003939   251.81
-6.80714887211701   -0.162017526420742   0.00999999821003939   251.6
-7.00373237853692   -0.213064838269579   0.00999999821003939   251.71
-7.20120945061413   -0.265221873363038   0.00999999821003939   251.58
-7.39868651328   -0.316269175675808   0.00999999821003939   251.54
-7.59348289562153   -0.36953592957282   0.00999999821003939   249.37
-7.78470504883786   -0.436119415526941   0.00999999821003939   238.66
-8.10370642204632   -0.468301220979088   0.00999999821003939   233.59
-7.8740612239835   -0.483837622557587   0.00999999821003939   231.13
-8.02775384612763   -0.614785336650764   0.00999999821003939   211.97
-8.19306278966896   -0.769037315161722   0.00999999821003939   201.56
-8.16804324108941   -0.968788305705468   0.00999999821003939   192.28
-8.19485024414159   -1.16964897370074   0.00999999821003939   184.05
-8.19663755571793   -1.39381394299627   0.00999999821003939   176.7
-8.20378620140845   -1.59578435131685   0.00999999821003939   179.31
-8.2296996818842   -1.80663257048939   0.00999999821003939   184.88
-8.25650671325383   -2.00638351091868   0.00999999821003939   184.2
-8.29224937182535   -2.21945117369531   0.00999999821003939   184.39
-8.32263065953794   -2.42697020493821   0.00999999821003939   184.54
-8.34675702315945   -2.62561142358689   0.00999999821003939   184.24
-8.37267054082622   -2.85421528767531   0.00999999821003939   184.47
-8.39590333857412   -3.05840514246106   0.00999999821003939   183.86
-8.41466831215527   -3.25815608584799   0.00999999821003939   179.19
-8.40483933384524   -3.4601265171311   0.00999999821003939   158.47
-8.31458979862847   -3.64101220218835   0.00999999821003939   130.11
-8.14034540128072   -3.74199758023234   0.00999999821003939   103.33
-7.92410351936329   -3.74754642129496   0.00999999821003939   81.1
-7.73466840824977   -3.68207266111697   0.00999999821003939   59.89
-7.57740144855954   -3.55778329913175   0.00999999821003939   39.36
-7.47374815320603   -3.38466588209495   0.00999999821003939   17.92
-7.42817631244958   -3.18824412377958   0.00999999821003939   357.91
-7.44068597352206   -2.98627368507891   0.00999999821003939   354.63
-7.43800507948209   -2.78430325454477   0.00999999821003939   1.53
-7.40583667454817   -2.58677176675095   0.00999999821003939   9.13
-7.34686143520648   -2.39256948482209   0.00999999821003939   20.1
-7.25571801247324   -2.21168396637561   0.00999999821003939   31.04
-7.13508707608183   -2.05077356431844   0.00999999821003939   39.52
-6.9858622134363   -1.91205773832426   0.00999999821003939   46.68
-6.82144684831805   -1.79109757015674   0.00999999821003939   51.24
-6.65077655656292   -1.67901522039822   0.00999999821003939   54.63
-6.47295780068474   -1.58246906206407   0.00999999821003939   58.71
-6.26565151233107   -1.481484007241   0.00999999821003939   60.17
-6.08247138488263   -1.39381565965456   0.00999999821003939   60.03
-5.87784579054361   -1.29283059384004   0.00999999821003939   53.68
-5.71611112711879   -1.17298012682893   0.00999999821003939   52.42
-5.53114387231916   -1.03315457698475   0.00999999821003939   51.84
-5.36762208927226   -0.91330410272931   0.00999999821003939   52.13
-5.20499387989984   -0.796782808642583   0.00999999821003939   52.1
-5.03164294177886   -0.665835061818456   0.00999999821003939   52.66
-4.86007913972021   -0.562630497099954   0.00999999821003939   60.26
-4.68494110503062   -0.462755114376006   0.00999999821003939   59.49
-4.47852842133585   -0.338465737813599   0.00999999821003939   59.24
-4.30339039781886   -0.230822254327087   0.00999999821003939   59.4
-4.13361373126432   -0.12317876288367   0.00999999821003939   59.54
-3.96115639408128   -0.0199741803118594   0.00999999821003939   60.54
-3.7717214153457   0.0732428505087162   0.00999999821003939   64.52
-3.58407356578064   0.145375063159145   0.00999999821003939   72.25
-3.38927723835243   0.190873816056322   0.00999999821003939   77.18
-3.19090665733701   0.236372571156   0.00999999821003939   76.82
-2.97466485376163   0.279651868948317   0.00999999821003939   76.55
-2.77808140216255   0.319601995557508   0.00999999821003939   76.42
-2.58149794822803   0.360661853372793   0.00999999821003939   76.88
-2.38491449303706   0.400611988653776   0.00999999821003939   76.49
-2.13561093704292   0.446110751905616   0.00999999821003939   77.85
-1.93187900346815   0.469414981238832   0.00999999821003939   82
-1.7290406332286   0.493828943673516   0.00999999821003939   80.27
-1.52709582581073   0.522681820572835   0.00999999821003939   80.57
-1.28494077154234   0.554863877521921   0.00999999821003939   81.23
-1.08478309392721   0.584826492285663   0.00999999821003939   81.44
-0.88551897729373   0.613679384254386   0.00999999821003939   80.65
-0.654086667155808   0.644751732975604   0.00999999821003939   80.88
-0.454822557960366   0.673604635713673   0.00999999821003939   80.98
-0.25555844916589   0.701347814185419   0.00999999821003939   80.48
-0.0455716107156772   0.73131045340239   0.00999999821003939   81.01
