0   0   0   219.97
0   0   0   219.97
0   0   0   219.97
0   0   0   219.97
0   0   0   219.97
-4.27731095442759e-11   -0.00110972624658115   -1.69337954249171e-10   219.97
-0.128672803886401   -0.180885595458774   -1.69337954249171e-10   220.02
-0.255558490780584   -0.339576635823277   -1.69337954249171e-10   220.24
-0.39495403633612   -0.49937740137004   -1.69337954249171e-10   220.02
-0.525413977166529   -0.654739256101923   -1.69337954249171e-10   219.82
-0.659448165002328   -0.805662195544788   -1.69337954249171e-10   220.19
-0.789014552419519   -0.959914316729653   -1.69337954249171e-10   219.84
-0.927516556603738   -1.1086177974343   -1.69337954249171e-10   219.79
-1.06601856572835   -1.25732127661472   -1.69337954249171e-10   220.38
-1.20630770287943   -1.40935393637254   -1.69337954249171e-10   219.77
-1.34034191560095   -1.55916713805591   -1.69337954249171e-10   220.23
-1.42344314825742   -1.76113754340039   -1.69337954249171e-10   219.86
-1.62092021298856   -1.85657407965993   -1.69337954249171e-10   219.82
-1.76925142662271   -2.02081373387563   -1.69337954249171e-10   219.85
-1.92026332671247   -2.17839501725278   -1.69337954249171e-10   220.25
-2.07306235852995   -2.34152493912216   -1.69337954249171e-10   220.05
-2.22228715105096   -2.50465485908025   -1.69337954249171e-10   219.66
-2.37866044335126   -2.67222368423171   -1.69337954249171e-10   220.03
-2.53414018122339   -2.84534114710641   -1.69337954249171e-10   219.92
-2.68961992432049   -3.02289751285194   -1.69337954249171e-10   220.14
-2.85403529475951   -3.20933169855109   -1.69337954249171e-10   219.84
-3.01666354597695   -3.3946561480537   -1.69337954249171e-10   219.7
-3.18018536451091   -3.57776114048416   -1.69337954249171e-10   220.21
-3.34281362958364   -3.75309804232161   -1.69337954249171e-10   219.85
-3.50008053085967   -3.92066685031411   -1.69337954249171e-10   219.73
-3.66360237424661   -4.0993329292327   -1.69337954249171e-10   220.23
-3.82265640556415   -4.26912118062209   -1.69337954249171e-10   219.87
-3.9888589456739   -4.44334834271784   -1.69337954249171e-10   220.19
-4.15774217959725   -4.62090468380923   -1.69337954249171e-10   219.96
-4.32126405180875   -4.80068047970954   -1.69337954249171e-10   219.61
-4.48746661640907   -4.9793465437778   -1.69337954249171e-10   220.54
-4.64830781624751   -5.15690288019959   -1.69337954249171e-10   219.68
-4.81182971557464   -5.34444676189917   -1.69337954249171e-10   219.98
-4.97892586940191   -5.53199063819681   -1.69337954249171e-10   219.77
-5.13887353463776   -5.7162053341095   -1.69337954249171e-10   219.64
-5.29971476074916   -5.90152974367228   -1.69337954249171e-10   220.19
-5.45698174087856   -6.07575687819363   -1.69337954249171e-10   220
-5.62139723206312   -6.2677396457432   -1.69337954249171e-10   219.67
-5.78313203166082   -6.4519543101604   -1.69337954249171e-10   220.11
-5.94576039897876   -6.63394951115612   -1.69337954249171e-10   221.32
-6.11643081707949   -6.8137252406076   -1.69337954249171e-10   223.44
-6.29514329270091   -6.98573286583884   -1.69337954249171e-10   226.6
-6.486365632456   -7.14775292795561   -1.69337954249171e-10   229.24
-6.68384290423421   -7.299785431506   -1.69337954249171e-10   233.07
-6.88578798170927   -7.43961092165119   -1.69337954249171e-10   232.86
-7.09041376022512   -7.57943641695325   -1.69337954249171e-10   234.98
-7.2932524078216   -7.71704244204324   -1.69337954249171e-10   233.09
-7.46302924373469   -7.82468584417021   -1.69337954249171e-10   231.06
-7.48983551074857   -7.61938580258425   -1.69337954249171e-10   348.25
-7.5380877047628   -7.42518347032484   -1.69337954249171e-10   348.41
-7.58276563277684   -7.22654221854341   -1.69337954249171e-10   349.62
-7.61761438978002   -7.02679125805311   -1.69337954249171e-10   348.26
-7.66229232507494   -6.82704028791255   -1.69337954249171e-10   348.89
-7.69624753195543   -6.62950879095112   -1.69337954249171e-10   348.68
-7.7284156102886   -6.42753838393224   -1.69337954249171e-10   348.93
-7.76773218145161   -6.22556796670679   -1.69337954249171e-10   348.33
-7.7945388852591   -6.00917111250308   -1.69337954249171e-10   348.87
-7.8213455785672   -5.78278670546452   -1.69337954249171e-10   348.13
-7.85083295049339   -5.56306065105932   -1.69337954249171e-10   348.58
-7.87317185845413   -5.36330970410832   -1.69337954249171e-10   348.7
-7.89283006597948   -5.16244902089412   -1.69337954249171e-10   349
