0   0   0   78.69
0.00804206020729321   0.0022194557296043   -2.04646775697412e-09   78.62
0.280578526748807   0.0454988355093585   -2.04646775697412e-09   78.8
0.484310702243905   0.0843393114784065   -2.04646775697412e-09   79.14
0.688936437848969   0.122070063277321   -2.04646775697412e-09   78.91
0.889094359199082   0.145374361427681   -2.04646775697412e-09   78.84
1.08657159237274   0.177556482990483   -2.04646775697412e-09   79.21
1.29119732113549   0.215287249145428   -2.04646775697412e-09   78.77
1.53245908881061   0.260786118789971   -2.04646775697412e-09   79.4
1.73261699854149   0.291858528028815   -2.04646775697412e-09   79.69
1.93545558869729   0.32515039864092   -2.04646775697412e-09   78.75
2.17582378511242   0.357332553109347   -2.04646775697412e-09   77.83
2.37419455757321   0.390624431187003   -2.04646775697412e-09   79.2
2.57167176889432   0.422806586222497   -2.04646775697412e-09   78.32
2.80935926911474   0.461647124256968   -2.04646775697412e-09   78.85
3.01577210003518   0.493829292359451   -2.04646775697412e-09   78.57
3.21682355686221   0.528230919179796   -2.04646775697412e-09   78.25
3.45540461982772   0.557083927537771   -2.04646775697412e-09   79
3.65734962647195   0.590375836578807   -2.04646775697412e-09   78.44
3.86286888421792   0.628106661746892   -2.04646775697412e-09   78.66
4.08983363559783   0.664727776788823   -2.04646775697412e-09   78.55
4.29803358321911   0.69801970553839   -2.04646775697412e-09   78.93
4.4964043437554   0.735750543200443   -2.04646775697412e-09   78.16
4.72873046158971   0.773481405281787   -2.04646775697412e-09   78.96
4.93335615529863   0.807883074002871   -2.04646775697412e-09   78.5
5.1361947245198   0.842284747212733   -2.04646775697412e-09   78.78
5.38460495998211   0.881125365615272   -2.04646775697412e-09   78.77
5.61067614049768   0.925514613969282   -2.04646775697412e-09   78.4
5.81440826450607   0.96213575916749   -2.04646775697412e-09   78.73
6.06996698660107   1.009854223571   -2.04646775697412e-09   78.08
6.27101842988715   1.04758510551529   -2.04646775697412e-09   78.73
6.47028273489395   1.08753544671994   -2.04646775697412e-09   78.85
6.67133416590041   1.1252663380551   -2.04646775697412e-09   78.83
6.87238558241747   1.16299723169953   -2.04646775697412e-09   78.62
7.12079576954534   1.20516707696064   -2.04646775697412e-09   79.33
7.31916649806082   1.23956879684149   -2.04646775697412e-09   78.59
7.51753722112616   1.27729970317317   -2.04646775697412e-09   78.43
7.71769508447478   1.30837225338902   -2.04646775697412e-09   78.74
7.92321431400896   1.34277399415065   -2.04646775697412e-09   78.49
8.21630258608645   1.39826064568719   -2.04646775697412e-09   78.7
8.41824756459456   1.43266239543929   -2.04646775697412e-09   79.19
8.61572472718594   1.47150305484097   -2.04646775697412e-09   77.88
8.81320187149863   1.5114534456709   -2.04646775697412e-09   77.72
9.0115725930136   1.5502941157314   -2.04646775697412e-09   78.13
9.24389865466868   1.59912237591571   -2.04646775697412e-09   77.55
9.44763073611159   1.64462142783148   -2.04646775697412e-09   76.73
9.64600143703001   1.69455938698797   -2.04646775697412e-09   74.93
9.93104763343307   1.78333792286416   -2.04646775697412e-09   70.81
10.1195891229378   1.85436070586629   -2.04646775697412e-09   67.2
10.308130607763   1.94091968281999   -2.04646775697412e-09   62.7
10.5458179275431   2.08185537379881   -2.04646775697412e-09   57
10.7147010038691   2.19948670814128   -2.04646775697412e-09   53.58
10.8782226707113   2.32821530989619   -2.04646775697412e-09   49.79
11.0962515447655   2.52019845994269   -2.04646775697412e-09   46.47
11.2365405911061   2.66446322922448   -2.04646775697412e-09   43.4
11.3732553743413   2.8153863612365   -2.04646775697412e-09   42.24
11.5126508388879   2.96741922840308   -2.04646775697412e-09   42.75
11.6511527385361   3.11834236979229   -2.04646775697412e-09   42.39
11.8191420858919   3.31920328846189   -2.04646775697412e-09   39.03
11.9433469608406   3.48788205617269   -2.04646775697412e-09   36.06
12.0595097766693   3.6554510864148   -2.04646775697412e-09   33.59
12.1685240916115   3.82523956419456   -2.04646775697412e-09   33.3
12.2864740374434   3.99724751839261   -2.04646775697412e-09   34.29
12.4285500654911   4.21031542442048   -2.04646775697412e-09   33.93
12.5464999640629   4.38010391582283   -2.04646775697412e-09   33.57
12.6662370048661   4.54767296250352   -2.04646775697412e-09   34.18
12.7859740275248   4.71191282211218   -2.04646775697412e-09   33.56
12.9030303691608   4.88281105162676   -2.04646775697412e-09   33.11
13.0665518193339   5.10142763420725   -2.04646775697412e-09   33.97
13.1853952557609   5.2712161360257   -2.04646775697412e-09   33.6
13.3069193727093   5.44100464328547   -2.04646775697412e-09   33.41
13.4811635093129   5.6929130852797   -2.04646775697412e-09   33.96
13.598219824646   5.86492105475786   -2.04646775697412e-09   30.92
13.7054469111378   6.0391484470437   -2.04646775697412e-09   26.2
13.8180352828907   6.27663033163283   -2.04646775697412e-09   17.63
13.8779035799371   6.47638139341501   -2.04646775697412e-09   12.07
13.9199006494172   6.67391297195949   -2.04646775697412e-09   11.12
