0   0   0   80.9
0   0   0   80.9
0   0   0   80.9
0   0   0   80.9
0   0   0   80.9
0   0   0   80.9
0   0   0   80.9
0   0   0   80.9
0   0   0   80.9
-0.000893560825489822   2.95838241247013e-10   -3.96841302603267e-10   80.9
0.197477151146318   0.0355112835260802   -3.96841302603267e-10   81.69
0.39495430063694   0.0799003932795534   -3.96841302603267e-10   81.44
0.594218570019264   0.119850597122836   -3.96841302603267e-10   81.54
0.822970374451124   0.165349445552171   -3.96841302603267e-10   80.96
1.02312820333741   0.19864129491029   -3.96841302603267e-10   81.62
1.22149890722819   0.229713692154071   -3.96841302603267e-10   81.34
1.427018107087   0.257456913935832   -3.96841302603267e-10   81.5
1.63700511349533   0.290748779234881   -3.96841302603267e-10   81.68
1.85235348739217   0.316272555881564   -3.96841302603267e-10   81.73
2.07485035437794   0.342906069679463   -3.96841302603267e-10   81.48
2.30628283729997   0.369539590554661   -3.96841302603267e-10   81.38
2.52609902074657   0.39173420422721   -3.96841302603267e-10   81.63
2.76199931275995   0.410599646019656   -3.96841302603267e-10   81.02
2.99075111456956   0.428355364163555   -3.96841302603267e-10   81.96
3.22665141359198   0.451659729570477   -3.96841302603267e-10   80.76
3.46076458805447   0.472744646220687   -3.96841302603267e-10   80.56
3.68236789859947   0.498268474408864   -3.96841302603267e-10   81.1
3.92094888297736   0.521572861191437   -3.96841302603267e-10   80.95
4.14791355006333   0.548206430418973   -3.96841302603267e-10   80.66
4.38917520967181   0.575949742272356   -3.96841302603267e-10   80.74
4.62507549008231   0.605912511002093   -3.96841302603267e-10   80.83
4.85829509033849   0.635875285163453   -3.96841302603267e-10   81.01
5.09598249024085   0.668057523716607   -3.96841302603267e-10   80.68
5.29971454841904   0.691361927190028   -3.96841302603267e-10   81.15
5.33277647115971   0.493830437445086   -3.96841302603267e-10   176.88
5.35511565451084   0.269665477231058   -3.96841302603267e-10   176.81
5.36762563571981   0.0699145191862883   -3.96841302603267e-10   177.09
5.3819227427467   -0.132055892450654   -3.96841302603267e-10   175.65
5.39800700611874   -0.370647313640152   -3.96841302603267e-10   176.58
5.40604918191266   -0.573727457127807   -3.96841302603267e-10   176.87
5.41051711223944   -0.779027056999605   -3.96841302603267e-10   176.47
5.41051723068913   -0.97988774852148   -3.96841302603267e-10   176.75
5.41498516238639   -1.18518734541336   -3.96841302603267e-10   176.81
5.42034668117567   -1.41933986136458   -3.96841302603267e-10   176.95
5.24074073998486   -1.51255707585412   -3.96841302603267e-10   257.29
5.04773138696529   -1.56582411129485   -3.96841302603267e-10   256.67
4.82523449831411   -1.62685925711327   -3.96841302603267e-10   256.66
4.62775733569928   -1.67790683325761   -3.96841302603267e-10   256.59
4.3829213793261   -1.73783224506143   -3.96841302603267e-10   256.32
4.18455063541289   -1.78555062430001   -3.96841302603267e-10   256.24
3.98617989762956   -1.83215927252935   -3.96841302603267e-10   256.3
3.78959626767947   -1.87432900078247   -3.96841302603267e-10   256.52
3.58765126832722   -1.92426681874792   -3.96841302603267e-10   256.31
3.34817666765908   -1.97531437401705   -3.96841302603267e-10   256.51
3.09797932288659   -2.02747165275987   -3.96841302603267e-10   256.54
2.90228925847444   -2.06964136134403   -3.96841302603267e-10   256.51
2.7030249490047   -2.10848188670318   -3.96841302603267e-10   256.98
2.49929282605776   -2.14177377086751   -3.96841302603267e-10   255.87
2.29824138588086   -2.17728510113289   -3.96841302603267e-10   257.4
2.04446979388054   -2.22278399083197   -3.96841302603267e-10   256.26
1.78265614018671   -2.26828287026683   -3.96841302603267e-10   256.4
1.51994891935732   -2.32154982809226   -3.96841302603267e-10   256.37
1.25902882620637   -2.37148760095185   -3.96841302603267e-10   256.57
1.0088314763985   -2.41809618557864   -3.96841302603267e-10   256.4
0.750592065171371   -2.46803394177189   -3.96841302603267e-10   256.21
0.511117456579807   -2.51020360078982   -3.96841302603267e-10   256.79
