0   0   0   262.39
0   0   0   262.39
0   0   0   262.39
0   0   0   262.39
0   0   0   262.39
-0.000893562089791071   -6.13492925623065e-11   8.22947784136913e-11   262.39
-0.208199920749648   -0.0321820968991857   8.22947784136913e-11   261.65
-0.411932035163823   -0.0665836445840906   8.22947784136913e-11   262.21
-0.627280455451529   -0.0976560032681262   8.22947784136913e-11   261.99
-0.827438323561888   -0.125399175065573   8.22947784136913e-11   262.13
-1.0267026299886   -0.149813159357807   8.22947784136913e-11   262.26
-1.22596693916512   -0.172007683928379   8.22947784136913e-11   261.91
-1.45025098446242   -0.203080021667855   8.22947784136913e-11   262.2
-1.65308954507691   -0.228603718845101   8.22947784136913e-11   261.9
-1.85503454561187   -0.250798229753216   8.22947784136913e-11   262.01
-2.05519241992994   -0.269663551490383   8.22947784136913e-11   262.24
-2.25803098412956   -0.288528869532203   8.22947784136913e-11   262.55
-2.49125065259533   -0.309613627995562   8.22947784136913e-11   262.52
-2.69408921493398   -0.326259482358975   8.22947784136913e-11   262.37
-2.89692777356729   -0.339576145319812   8.22947784136913e-11   262.59
-3.10959551437422   -0.357331710446026   8.22947784136913e-11   262.5
-3.3133276355263   -0.375087274577749   8.22947784136913e-11   262.87
-3.51437906658205   -0.396172016653354   8.22947784136913e-11   262.28
-3.71364338025339   -0.418366483190708   8.22947784136913e-11   262.29
-3.91826907308672   -0.439451215723342   8.22947784136913e-11   262.86
-4.15059519422419   -0.464974840545257   8.22947784136913e-11   262.24
-4.35254020373513   -0.490498473988279   8.22947784136913e-11   262.45
-4.55537878558832   -0.516022103696921   8.22947784136913e-11   262.73
-4.75553668437837   -0.544874912303735   8.22947784136913e-11   262.51
-4.95748170048051   -0.574837441839802   8.22947784136913e-11   262.45
-5.19070140072758   -0.611458314482965   8.22947784136913e-11   262.94
-5.38907218175534   -0.640311109235741   8.22947784136913e-11   262.42
-5.59191074683522   -0.66805416626096   8.22947784136913e-11   262.52
-5.791175072489   -0.693577766269502   8.22947784136913e-11   262.69
-5.99043939967036   -0.722430544996993   8.22947784136913e-11   262.7
-6.22187196558578   -0.757941660340771   8.22947784136913e-11   262.53
-6.42560410005054   -0.781245787891455   8.22947784136913e-11   262.71
-6.62576197919927   -0.80676936610565   8.22947784136913e-11   262.53
-6.82681343235829   -0.832292941073108   8.22947784136913e-11   262.24
-7.02965199647403   -0.856706779917763   8.22947784136913e-11   262.45
-7.22802276541622   -0.884449801448675   8.22947784136913e-11   262.44
-7.42639353358721   -0.911083091264327   8.22947784136913e-11   262.31
-7.62744498834635   -0.937716375536314   8.22947784136913e-11   262.22
-7.82760287893572   -0.961020471198398   8.22947784136913e-11   262.41
-8.0277607602478   -0.987653743278927   8.22947784136913e-11   262.3
-8.22791864341487   -1.01539673847921   8.22947784136913e-11   262.64
-8.42986365699205   -1.03648136398597   8.22947784136913e-11   262.34
-8.42986412025167   -1.50700583588644   8.22947784136913e-11   262.31
-8.49241298763858   -1.04202993809855   8.22947784136913e-11   262.03
-8.69435800435829   -1.06644373932706   8.22947784136913e-11   261.98
-8.89630303049154   -1.08530889957652   8.22947784136913e-11   262.76
-9.09646092347167   -1.10861296559915   8.22947784136913e-11   262.16
-9.29929951710657   -1.13191702574447   8.22947784136913e-11   261.74
-9.50303163719137   -1.14856271165711   8.22947784136913e-11   262.48
-9.70318951517441   -1.17075703472359   8.22947784136913e-11   262.45
-9.90513453514545   -1.1951708064322   8.22947784136913e-11   261.87
-10.1079731104283   -1.21403593620026   8.22947784136913e-11   262.37
-10.3125988138408   -1.23623023919416   8.22947784136913e-11   262.16
-10.511863147275   -1.25842454578741   8.22947784136913e-11   261.94
-10.7120210431941   -1.28283830081752   8.22947784136913e-11   262.16
-10.9130725365333   -1.30614232634082   8.22947784136913e-11   262.26
-11.1159111233392   -1.33166579606916   8.22947784136913e-11   262.01
-11.3187497483204   -1.35940872004342   8.22947784136913e-11   261.91
-11.5180141104508   -1.38715164249061   8.22947784136913e-11   262.52
-11.7163849168489   -1.41933347167561   8.22947784136913e-11   262.07
-11.9621145230693   -1.44596659305696   8.22947784136913e-11   261.9
-12.1631660089951   -1.47149004347688   8.22947784136913e-11   262.15
-12.3624303772729   -1.50034267395598   8.22947784136913e-11   262.26
-12.5634818697772   -1.52808556935287   8.22947784136913e-11   262.39
-12.7627462373839   -1.55471873378327   8.22947784136913e-11   262.28
-12.9629041491464   -1.58135189203509   8.22947784136913e-11   262.12
-13.1684234297911   -1.60576558051688   8.22947784136913e-11   262.25
-13.4186208290238   -1.64127647067692   8.22947784136913e-11   261.88
-13.6178851792705   -1.66790961255814   8.22947784136913e-11   261.68
-13.8287658356158   -1.69343300535052   8.22947784136913e-11   262.45
-14.0289237517728   -1.72117586467485   8.22947784136913e-11   261.96
-14.2335494569708   -1.74891870862744   8.22947784136913e-11   261.95
-14.4399622843128   -1.77555181863051   8.22947784136913e-11   262.06
-14.6472686704342   -1.80107519201679   8.22947784136913e-11   262.12
-14.8501072580969   -1.83325693505123   8.22947784136913e-11   261.57
-15.0529458992222   -1.85434140550186   8.22947784136913e-11   262.35
-15.2548909575208   -1.87764532588801   8.22947784136913e-11   261.98
-15.4541553305426   -1.89983951822318   8.22947784136913e-11   261.85
-15.6525261277581   -1.9275823422915   8.22947784136913e-11   262.11
-15.8553647723046   -1.94866679429907   8.22947784136913e-11   262.29
-16.0582033698064   -1.969751235638   8.22947784136913e-11   261.93
-16.2601484015892   -1.9897259463385   8.22947784136913e-11   262.21
-16.4638805918448   -2.01302983443689   8.22947784136913e-11   262.07
-16.6631449945025   -2.03411427483256   8.22947784136913e-11   261.96
-16.865983626117   -2.05852788249423   8.22947784136913e-11   262.19
-17.0670351548031   -2.0796123096826   8.22947784136913e-11   262.26
-17.2725544849291   -2.09514808498294   8.22947784136913e-11   262.11
-17.4753931687649   -2.11623250289501   8.22947784136913e-11   261.96
-17.6755511405672   -2.13731691816526   8.22947784136913e-11   262.51
-17.8748155601475   -2.16173051266463   8.22947784136913e-11   262.49
-18.0731864513512   -2.18836356274402   8.22947784136913e-11   262.12
-18.2715573190496   -2.21610633310942   8.22947784136913e-11   262.11
-18.4699281568871   -2.24273936857548   8.22947784136913e-11   262.28
-18.6700861301701   -2.27381130309225   8.22947784136913e-11   262.04
-18.8684569754256   -2.3026637842769   8.22947784136913e-11   262.28
-19.067721385597   -2.33151625803778   8.22947784136913e-11   262.15
-19.2669857952585   -2.36036872669828   8.22947784136913e-11   262.01
-19.4653566366066   -2.38589201100556   8.22947784136913e-11   262.39
-19.6655146072405   -2.41252501343216   8.22947784136913e-11   262.17
-19.8647789752379   -2.43471909949719   8.22947784136913e-11   261.95
-20.1167634880686   -2.46246169217481   8.22947784136913e-11   261.97
-20.3196021072471   -2.4857654865375   8.22947784136913e-11   262.22
-20.5188664579372   -2.51350818997986   8.22947784136913e-11   262.16
-20.7190243674385   -2.54014116053902   8.22947784136913e-11   262.32
-20.9182887194737   -2.56899358274743   8.22947784136913e-11   261.96
-21.1184466620807   -2.59562654812641   8.22947784136913e-11   262.14
-21.3212852623096   -2.62336922367594   8.22947784136913e-11   262.08
-21.524123897244   -2.6522216269999   8.22947784136913e-11   262
-21.7233882796312   -2.6788545787388   8.22947784136913e-11   262.21
-21.9262269133058   -2.70659724462504   8.22947784136913e-11   262.31
-22.1263849051929   -2.7376690988674   8.22947784136913e-11   261.72
-22.3256492835091   -2.76208258134185   8.22947784136913e-11   262.28
-22.5249136367177   -2.78982523746895   8.22947784136913e-11   262.03
-22.7259651543955   -2.81978734458994   8.22947784136913e-11   261.75
-22.9305908710721   -2.84420079490366   8.22947784136913e-11   262.19
-23.1307488254321   -2.87305316489915   8.22947784136913e-11   261.84
-23.3309067316916   -2.89746661714636   8.22947784136913e-11   262.11
-23.529277516965   -2.92298979798369   8.22947784136913e-11   262.13
-23.7303290387867   -2.95295187943794   8.22947784136913e-11   261.77
-23.9304869854146   -2.97847504847166   8.22947784136913e-11   262.03
-24.1333255909944   -3.00732738351382   8.22947784136913e-11   262.06
-24.3316963543071   -3.03839917677807   8.22947784136913e-11   261.7
-24.5345349210124   -3.06725149736855   8.22947784136913e-11   261.97
-24.8079649309482   -3.09499388522479   8.22947784136913e-11   262.03
-25.0054420841164   -3.13716292957061   8.22947784136913e-11   261.89
-25.2055999667473   -3.16712496786701   8.22947784136913e-11   261.75
-25.4075449765602   -3.19819672417083   8.22947784136913e-11   261.78
-25.6094899727911   -3.22482956637536   8.22947784136913e-11   262.15
-25.8096478162881   -3.25590131073896   8.22947784136913e-11   261.88
-26.0115928170259   -3.28475359818209   8.22947784136913e-11   262.06
-26.2090700577039   -3.31693507942368   8.22947784136913e-11   261.61
-26.5950888622723   -3.32248252102285   8.22947784136913e-11   261.89
-26.3002133915145   -3.33025152425876   8.22947784136913e-11   261.87
-26.4976905921492   -3.36243299279909   8.22947784136913e-11   261.59
-26.6987420749055   -3.39239499756671   8.22947784136913e-11   261.63
-26.8971128642827   -3.42013755120168   8.22947784136913e-11   261.88
-27.1160356076615   -3.4556481256852   8.22947784136913e-11   261.39
-27.3144063981225   -3.48339066811131   8.22947784136913e-11   261.54
-27.5181386099435   -3.51335265027293   8.22947784136913e-11   261.63
-27.7174030103955   -3.54220491348371   8.22947784136913e-11   261.71
-27.9452614235619   -3.57882517033774   8.22947784136913e-11   261.23
-28.1445258206716   -3.60656769649683   8.22947784136913e-11   261.63
-28.3455773438627   -3.63431021144013   8.22947784136913e-11   261.8
-28.5859456321896   -3.6720401377286   8.22947784136913e-11   261.41
-28.7950392232113   -3.70200207129972   8.22947784136913e-11   261.51
-29.0228975923547   -3.73751256583281   8.22947784136913e-11   261.08
-29.2623723197225   -3.77413274713949   8.22947784136913e-11   260.99
-29.5152504796062   -3.81075287546246   8.22947784136913e-11   261.18
-29.7574059037424   -3.84959248871184   8.22947784136913e-11   260.92
-29.9950935020415   -3.88399320188102   8.22947784136913e-11   261.14
-30.2265261743727   -3.92061338435511   8.22947784136913e-11   260.86
-30.484765768483   -3.9594529256978   8.22947784136913e-11   261.13
-30.6831366337614   -3.99274403228843   8.22947784136913e-11   260.7
-30.8815075396656   -4.02381568539959   8.22947784136913e-11   260.86
-31.0879204703991   -4.05821647916225   8.22947784136913e-11   260.73
-31.2871848928039   -4.08928811344332   8.22947784136913e-11   260.98
-31.4864493766474   -4.12368893031069   8.22947784136913e-11   260.24
-31.7009044067238   -4.15476050532112   8.22947784136913e-11   260.8
-31.9001688825695   -4.18583213043929   8.22947784136913e-11   261.17
-32.1190917467554   -4.22245231417166   8.22947784136913e-11   260.58
-32.3594601058461   -4.25907241159382   8.22947784136913e-11   260.91
-32.5873185540019   -4.29791199798908   8.22947784136913e-11   260.38
-32.8428774900319   -4.33897093358104   8.22947784136913e-11   260.24
-33.0600132292501   -4.37337164541671   8.22947784136913e-11   260.33
-33.2574905989056   -4.40666270212509   8.22947784136913e-11   260.21
-33.4996461007286   -4.44550221407798   8.22947784136913e-11   260.3
-33.7605664232752   -4.48767082877101   8.22947784136913e-11   260.16
-33.9660858523173   -4.5198521094981   8.22947784136913e-11   260.37
-34.1805409638324   -4.55314308372096   8.22947784136913e-11   260.56
-34.4289514089752   -4.59198254476717   8.22947784136913e-11   260.84
-34.6398321901635   -4.63082214386023   8.22947784136913e-11   259.95
-34.8650100091589   -4.66633250531377   8.22947784136913e-11   260.16
-35.1026977226339   -4.70739144590926   8.22947784136913e-11   259.94
-35.3671923103482   -4.74955999738811   8.22947784136913e-11   260.16
-35.6084543284538   -4.7895091883669   8.22947784136913e-11   260.24
-35.8068252052675   -4.81836126506974   8.22947784136913e-11   261.02
-36.0605970488965   -4.85942011196888   8.22947784136913e-11   261.36
-36.2687971922803   -4.89382078046802   8.22947784136913e-11   261.47
-36.4662745378423   -4.92933120914976   8.22947784136913e-11   261.07
-36.7352368964684   -4.97260941783833   8.22947784136913e-11   261.39
-36.9353949268275   -5.00701009719371   8.22947784136913e-11   261.39
-37.258864637907   -5.06249505455291   8.22947784136913e-11   261.4